max:
[0.00478219 0.00314337 0.0029751  0.         0.        ] [[1.17233885e-06 1.01972511e-06]
 [1.36375157e-06 6.89389409e-07]
 [9.59505646e-07 1.08152937e-06]] [[8.70129569e-07 3.56920924e-07 7.12252643e-07]
 [3.30663513e-06 7.41085659e-07 9.67877094e-07]
 [1.35799296e-06 4.49021738e-06 1.41871337e-06]]
min:
[-0.00173004 -0.0081508  -0.00365528  0.          0.        ] [[-1.05787868e-06 -5.82210321e-07]
 [-2.26985570e-06 -5.33741152e-07]
 [-8.17958145e-07 -2.09201251e-06]] [[-1.44149204e-06 -8.27499461e-07 -1.10396127e-06]
 [-6.87483142e-07 -3.90901790e-07 -7.57993764e-07]
 [-5.24753397e-07 -8.09447913e-07 -1.02334622e-06]]
刀尖点误差/mm 0.00403380536754866 -0.012148317197147152 0.08004933233670401
X向误差/mm 0.0040174357784508175 -0.006893054887314065 0.073159867232969
Y向误差/mm 0.01535930800287133 -0.008401247424217217 0.9710445877734789
Z向误差/mm 0.0037777796528644103 -0.0037975122615989676 0.06346924882368704
运动方向投影误差/mm 0.00532153543053937 -0.0048276030447595986 2.58442503015121