max:
[0.00496271 0.00834408 0.00703085 0.         0.        ] [[1.64959321e-06 1.83282103e-06]
 [1.04597295e-06 1.11170600e-06]
 [1.28497929e-06 1.11674281e-06]] [[1.41750115e-06 1.30406419e-06 1.13146697e-06]
 [1.24704804e-06 1.34971727e-06 5.75422656e-07]
 [4.95458120e-07 9.55052937e-07 3.35688143e-06]]
min:
[-0.00577379 -0.00630304 -0.0037881   0.          0.        ] [[-1.61596681e-06 -9.36467973e-07]
 [-2.97637917e-06 -1.57430160e-06]
 [-8.04512165e-07 -1.24043095e-06]] [[-8.69715710e-07 -9.00007742e-07 -9.76153777e-07]
 [-1.36066897e-06 -1.74278892e-06 -1.43907834e-06]
 [-1.75240196e-06 -1.92659348e-06 -3.09650649e-06]]